




        7777 7777777777777 7 7 777777777 77777            77 777 7777           77777777777           77777                 777777                      77 777 7 7 77777 7777777 77777 7777777
        808080888880888080808080888080888088806          780888880808           80888080808           888081                888084                     7888088808080808088808088888080888880881
        880808888888080808080808080808080808881          708080888080           88088808880           080807                088801                      888808888888888808080808080808880888087
        800680008888808088888880888088800886002          780888880885           80060606080           888087                808081                      880080808080888080808080888088806086807
        080807                           680081                      2717111117708606060680771157     886807                086801     12111717115      08680                            800087
        800087                           086882                      0888088808086060080888088807     880087                808081     08080808888      80008                            886887
        886807                           880681                      8880808080800600808880808087     086887                088809     80808080808      88088                            800087
        800087     49555525555555587     086802           85548      086807    7800087     886807     800087     495407     77777      08006660088      80008      04555555555555587     086887
        080887     88808088808088805     800681          7088807     80808      08680      880087     088807     888081                80060680808      08680      80888888808080807     800087
        880087     08000008000008081     880801           88008     7088807     80008      886807     808081     080807                68606808088      80008      88000800080060887     086807
        080807     80060606060606881     800081           88680      17771      08688      800087     777717     800087                98068477771      08680      80066606660606887     880087
        800087     08606060606060087     886802           80008           2088808006808888888088808088           08600808080     780888080881           80088      08666060606060087     880807
        086807     80060606660606801     800081           08088           5888080060080808088808080808           80068080808     708880808885           08688      80060606060606807     800087
        800087     08006660606660081     086801           88008           2006060606060608868088888080           88000808080     780008088885           88008      88606660666060087     886887
        080887     80060606000606801     800081           08680     78880888606060606060686           080801     800087     88088880688                 08680      88060606060006807     880087
        880087     08080808088808081     880001           80008      8808086060080888080888           808087     886007     80888886008                 80008      08080808080888887     086807
        886807     80808088808088885     800081           08680      8006060600808880888080           086807     800087     88088800688                 08688      80888880808880807     880087
        800087                           086001     7777 7800087 77 708606060684           777777777  800087     086001 7777     780088                 88088                            886887
        080807                           800081     0888880808880808080808606009           80808880888880807     80808080888     708680                 08680                            880087
        880087                           686001     8888808080808888808080860680           08880808088808087     88880888080     780008                 80008                            086807
        886081777777777777777777777777777880081     6860867777708008677777986000     777777777775800887777777777777777180008     788680      77777      086887777777777777777777777777777800087
        800088808080808880888880888888808086801     008081     280805     100080     988808     700088     780888     700680     780808     7080887     808080888080808880808080808880808086807
        880888880808080888088808088888080808084     880880     808888     280080     208888     780008     188080     780008     788080     788808     7080888080888088808080808080888880808887
        809999696969996999999999996969696969681     406981     289605     500680     180006     700680     789608     708680      89668     708688      866969696969996999699999999969696969607
                                                                          580880     18068012551986088155467          780008125467           80008
                                                                          488088     18006888080808880808087          788600888085          708088
                                                                          688808     10868080888088808880881          780060080801           88888
        888087          708080     780000600801     98868000808                      180000                           788666660081     980881     580085     580089
        080887          780888     708088808884     888808080807                     288080                           788808606881     888885     080888     088080
        808887          708080     788008888880     888080808887                     580808                           108880860087     080880     888080     280800
        886807          780008     788680777777     77777777777                      777777                            77777086001     777777     777777     200086
        80068080888     708680     788088                           7080807     88808           208080                      80068080808                 80808080880     988088808087     088807
        88600888088     780088     708080                           7808087     88080           180808                      08888888880                 08080808088     488808080807     888087
        80068949688     708688     786660                     7      006007     800087          108680                      00696669608                786666969605     106994800087     886887
        086887          780068080801     80888080808080808080887                08608808088     780008           808082                     780808088806           88888      886807     800887
        800087          788600808887     8888088808880808080808                 88068880888     108680           888801                     788880808085           088887     808887     080887
        086807          780060606807     80808880808080808888807                08600808888     780008           808881                      88808886802           88808      880807     808887
        800087          70860606008277777                            7777777777780008           188680     717777           77777777777777777     50008977771           777777     777777
        080807          78006066600808880                            80888088808088807          780008     188880           08080808880808886     480008880807          980808     588080
        808087          78060606060680808                            08080808080888887          780080     780808           80808088888088808     90060080808           508088     480888
        77777711717171772860606060606068077171117115                 80060606006 7777711121     780008     78868077111717177086885 7777777777     98666060680           280888     777777171157
             780808080808006060080008600808088808080                 88006060684     280888     108088     78880808080888080860687                60868000808           508080           080807
             708088808080060688888088888888888880808                 80808006086     108880     180808     10808080008000800606001                080888880807          980888           888887
             780008711175886801111212111111111211154                 52117000684     780086     752151     74111788606060606066687                14212121126           752141           886807
             788080     780088                                 408082     18600840009808680968087     088887     8006060666066608840080                            80888           108009880887
             780808     708680                                 080808     58860080808080808088807     808887     0808080060606060080808                            080807          280808088887
             708080     780008                                 908080     28000808080888080800887     080801     8080888606060606060680                            888087          108080808087
        808887          708080           0808088808080808088808           508684           08608888888                7006060606060600808888888880                      288080     180080
        080807          780088           8088808088808880888080           588880           80808088888                7800606060606060088808080808                      280808     108088
        800887          708688           0888080808080808080808           908880           08080800088                7886066606066600888880808080                      208080     580888
        086007          786008           7                    7      7                     7    186088                78006060606060680     780008                      280008      7        7
        8080808080808080800680                                      708080                      78808880808080808     70860606060600888      0808080808080888080808     208080           080807
        0888080808080808006008                                       80808                      78888808080888888     78006066606808080     78080808080808088808080     780008           808087
        9521212121108606066680      7777777777777777777777777777777 7886807                7777 72212122222121254     70866606068911256     76512122211180008111251 777 580680           080887
                   80060606008     708080888880888880808088808880808086008                 808087                     780000606887                      88688      80808880808           800087
                   08006060680     780888880888080888080888880888088800688                 888807                     788080808881                      80888      88088808880           886807
                   80060606008     708080808000860606060606668006800680008                 80008                      780808880807                      888807     88808088888           800087
        511147     88006060688                 8060666066606008      08680171151           0860857111111111111115                 5111111111111111111157                                 086887
        080801     80888006088                 8006060606008088      80060880808           8088808080888080808080                78888080808080808088808                                 800087
        808887     88080800688                 08606060680808887     08606000080           8808888808880808080808                 8880808888808080808880                                 886807
        77 77      77   780008     70454545451580060666085   77      80060606000     704541           086887   77     78555555551480688     7800087   77     104502           09555454551800087
                        700680     78880888880800606060081           08606008880     480888           808087          78808088808080888      08088           088888           88808088808080887
                        780008     70808088888086066606805           80068080888     188080           880801          78080008680808880     788808           808080           08080888080808087
                        708688     78000877777180606060085           88600777717     180008           177717          70860606668577771      17777           717717           77777777777777717
                   8080808600888880880680      80060606885           88088           108080                           780060666007                480886                588888
                   8808086060080808880808      88600888885           08088           580808                           708080860087                088086                008080
                   8086060666060600868888     780068680802           808087          208886                           780880886001                580809                580808
                   88066060666060087     08080800680      808087          408088           880807     888087                0006808080808080808880800085     080808                580808
                   80060606060666807     80808006008     708088           480888           888087     080887                8860088808880808088808006004     808088                588080
                   08006660666060087     08088800688     7808087          008080           080807     808087                0006888080808088808606060085     080808                588808
                   80060666660606001 7777     780008                                       800087     086807     777777777  086001           80060606884                777777           77777
                   0860606808080808080808      88080                                       080807     880087     88080888080808887           88606008084                808080           088801
                   8806888880888088808080      80008                                       808087     086807     80808088888088802           88068880800                080888           888887
        77777777777086005777777777777777777777788680      17771           77777777771      11777777777800081777770866606068077777777771     78868077777777771           71777777771      080807
        88080808880808887                88888086088     7888807          080808888807          1888080868088808880800606008     708088     780008      080807                080807     888087
        88808080808088801                08080800688     780808           008088888087          2088808080808088808088860680     780808     708688      808087                808887     080807
        00492600680259987                56942486008     706490           78995588680           7849494949494949494952986088      88680      80008      86460                 66498      699987
             780088     78444544454595496      08088           70545454590      8006852545454490                      70868852452480008     788608524487     704905     184501     784465
             788088     78088888880888080      80008           808088888087     08600808888808087                     78880888080808088      88068888806     608080     480808     588088
             780808     78808880808088808      88680           280088888807     80060606008080807                     78808088808080888      88606060081     180804     188080     188888
        880887     888887     086087     90806680008     708004880085           08666060686     780888           888887                408669800666660884000480068896069086088     108080968087
        808887     080887     808887     08088888080     780808080804           80060606088     188080           080881                080808006060080808880888088808088860080     180808080807
        880881     888081     080805     80888880808      08080808888           88606660080     180808           808881                808606060688808880808088888880060606006     508080888887
        77777      777777     777777     77777777777      800087 7777           80060606086      77777           77777                 086060606887 7777777777777 788606060689      7777777777
                                                    08880808680      888887     88080066680888087     08088808080     788888           80800606088                 80060666008888807
                                                    88808086008      880807     88808006008888887     80808880808     708088           08088800680                 08666060688888887
                                                    486659886887     88008      00995000680546687     88606060080     780808           90695486008      7          80060606008599687
        808080808080888888808080808080808080886           80068880888806887          780080           80060606008     708680                 08688     7888887     08606060684     180808
        088808888808080808080808888808088888082           0860080808086008           508088           88606660088     780808                 80008     7888807     88060606000     108088
        800680808080888088808080808080808886801           80068880888006887          588808           80060606008     708080                708680     7808087     08606066680     180008
        886007                           680081     77777788680      88008                 777777777770860606068877777      77777777777     780088                 80060606008     108088
        800087                           080082     80808880808      080887                8808080888080888006008080881     80808880888     708680                 08606008080     180008
        886807                           800081     088808080807    780808                 8088808080808880800606808087     08088888888     780008                 80008080888     108088
        880087     12111111111111147     886081     77777777777      7777771111111111111111777777777777777 186660606807     800081 7777     70868017111111111111171006007 7777     180088
        080807     88888080808088885     800081                           98880808080808080                700606800887     080007          7808080808088888080808080008           108080
        800087     08080008080808881     080082                           80888880808080888                780068088802     800087          7880808080008080000080066680           580888
        880887     88060606060606801     800081                           74111111111111157                780688771147     080087           911170860606060606060606008           751151
        880087     08606660606066087     886881     008885                                 0808080808880806080008           80068060808           5006060606060006060608098080
        886887     88060666060606081     800081     888800                                 8080808080808080800688           88600888080           5860680888888888006060080888
        880087     88606660606060087     086002     808085                                 0800000068088808086008           00068080808           5006808880888880880606060088
        086887     80060606060606881     800081          7080807     80808080808880887     80060606008     700688     780808886087          788888086882           88060606088           808887
        880087     88088888880808081     080002           80808     708880808088888087     88880888080     780088     708080860087          708080808885           88880808080           080807
        086807     80808080808088805     880081          7880807    78880808088880688      80808088808     708688     788808886801           80808880800           88888888808           888087
        800087     7              7      886802           7   7      7          800087                     780088      7    080081                          7      7        7            7   7
        086807                           800081                                 88600808088           88880808080           086881     888084           880807
        880087                           680002                                 88060080808           80808888808           880681     080809           88808
        886007 7777777777777777777777777 080681     777777           777777777 708606060680  7777777 78860047112177777      086801     15212777777      086807 7777                777777
        808088808088808088808088808080888000802     888888          7088808088888086000600808080808888800087     080805     800081           080807     88008888808                480808
        888808080888088808080808080888088808085     088800           808088808880808080808088808880888080887     808081     080885          780808     708080808888                508880
        888080808080808080808080808880888088802     008085           880888088808088808880808080888088888887     080881     888881          708880      80888080806                188888
